0 0 1
1 0 2
2 2 3
3 1 4
4 0 5
5 5 6
6 6 7
7 7 8
8 8 9
9 9 10
10 10 11
11 11 12
12 12 13
13 13 14
14 14 15
15 15 16
16 16 17
17 17 18
18 18 19
19 19 20
20 20 21
21 21 22
22 22 23
23 23 24
24 24 25
25 25 26
26 26 27
27 27 28
28 28 29
29 29 30
30 30 31
31 31 32
32 32 33
33 33 34
34 34 35
35 35 36
36 36 37
37 37 38
38 38 39
39 39 40
40 40 41
41 41 42
42 42 43
43 43 44
44 44 45
45 45 46
46 46 47
47 47 48
48 48 49
49 49 50
50 50 51
51 51 52
52 52 53
53 53 54
54 54 55
55 55 56
56 56 57
57 57 58
58 58 59
59 59 60
60 60 61
61 61 62
62 62 63
63 63 64
64 64 65
65 65 66
66 66 67
67 67 68
68 68 69
69 69 70
70 7 71
71 71 72
72 72 73
73 73 74
74 74 75
75 75 76
76 76 77
77 77 78
78 78 79
79 79 80
80 80 81
81 81 82
82 82 83
83 83 84
84 84 85
85 85 86
86 86 87
87 87 88
88 88 89
89 89 90
90 90 91
91 91 92
92 92 93
93 93 94
94 94 95
95 95 96
96 96 97
97 97 98
98 98 99
99 99 100
100 100 101
101 101 102
102 102 103
103 103 104
104 104 105
105 105 106
106 106 107
107 107 108
108 108 109
109 109 110
110 110 111
111 111 112
112 112 113
113 8 114
114 114 115
115 115 116
116 116 117
117 117 118
118 118 119
119 119 120
120 120 121
121 121 122
122 122 123
123 123 124
124 124 125
125 125 126
126 126 127
127 127 128
128 128 129
129 129 130
130 130 131
131 131 132
132 132 133
133 133 134
134 134 135
135 135 136
136 136 137
137 8 138
138 138 139
139 139 140
140 140 141
141 141 142
142 142 143
143 143 144
144 144 145
145 145 146
146 145 147
147 147 148
148 148 149
149 149 150
150 140 151
151 151 152
152 152 153
153 153 154
154 154 155
155 155 156
156 156 157
157 157 158
158 154 159
159 159 160
160 160 161
161 161 162
162 162 163
163 163 164
164 164 165
165 165 166
166 166 167
167 167 168
168 168 169
169 169 170
170 170 171
171 171 172
172 172 173
173 173 174
174 174 175
175 175 176
176 176 177
177 177 178
178 178 179
179 179 180
180 180 181
181 181 182
182 182 183
183 183 184
184 184 185
185 185 186
186 186 187
187 187 188
188 188 189
189 189 190
190 190 191
191 191 192
192 192 193
193 193 194
194 194 195
195 195 196
196 196 197
197 11 198
198 198 199
199 199 200
200 200 201
201 201 202
202 202 203
203 203 204
204 204 205
205 205 206
206 206 207
207 207 208
208 208 209
209 209 210
210 210 211
211 211 212
212 212 213
213 213 214
214 214 215
215 24 216
216 216 217
217 217 218
218 218 219
219 219 220
220 220 221
221 221 222
222 222 223
223 223 224
224 224 225
225 225 226
226 226 227
227 227 228
228 228 229
229 229 230
230 230 231
231 231 232
232 232 233
233 233 234
234 234 235
235 235 236
236 236 237
237 237 238
238 238 34
239 26 239
240 239 240
241 240 241
242 241 242
243 242 243
244 243 244
245 244 245
246 245 246
247 246 247
248 247 248
249 248 249
250 249 250
251 250 251
252 251 252
253 31 253
254 253 254
255 254 252
256 252 255
257 255 256
258 256 257
259 257 258
260 258 259
261 259 260
262 255 261
263 261 262
264 262 263
265 263 264
266 264 265
267 265 266
268 266 267
269 267 268
270 268 269
271 269 270
272 270 271
273 271 272
274 272 273
275 273 274
276 274 275
277 275 43
278 272 276
279 276 277
280 277 278
281 278 279
282 279 280
283 280 281
284 281 282
285 282 283
286 283 284
287 284 285
288 278 286
289 286 287
290 287 288
291 288 289
292 289 290
293 290 291
294 291 292
295 292 293
296 293 294
297 294 295
298 295 296
299 296 297
300 297 298
301 298 299
302 299 300
303 300 301
304 301 302
305 302 303
306 50 304
307 304 305
308 305 306
309 306 307
310 307 308
311 308 309
312 309 310
313 310 311
314 311 312
315 276 313
316 313 314
317 314 315
318 315 316
319 316 317
320 317 318
321 318 319
322 319 320
323 320 321
324 321 322
325 322 323
326 323 324
327 324 325
328 325 326
329 326 327
330 327 328
331 328 329
332 329 330
333 330 331
334 331 332
335 280 333
336 333 334
337 334 335
338 335 336
339 336 337
340 337 338
341 65 339
342 339 340
343 340 341
344 341 342
345 342 343
346 343 344
347 344 345
348 345 346
349 278 347
350 347 348
351 348 349
352 349 350
353 350 351
354 351 352
355 352 353
356 353 354
357 354 355
358 355 356
359 356 357
360 357 358
361 358 359
362 359 360
363 360 361
364 361 362
365 346 363
366 356 364
367 364 365
368 365 366
369 366 367
370 367 368
371 368 369
372 369 370
373 370 371
374 371 372
375 70 373
376 285 374
377 303 375
378 312 376
379 332 377
380 338 378
381 362 379
382 363 380
383 372 381
384 303 382
385 382 383
386 383 384
387 384 385
388 385 386
389 386 387
390 387 388
391 388 389
392 389 390
393 390 391
394 391 392
395 392 393
396 393 394
397 394 395
398 395 396
399 396 397
400 397 398
401 398 399
402 399 400
403 400 401
404 401 402
405 402 403
406 403 404
407 404 405
408 405 406
409 406 407
410 407 408
411 408 409
412 409 410
413 410 411
414 411 412
415 412 413
416 413 414
417 414 415
418 415 416
419 416 417
420 417 418
421 418 419
422 419 420
423 420 421
424 421 422
425 422 423
426 423 424
427 424 425
428 425 426
429 426 427
430 427 428
431 428 429
432 429 430
433 430 431
434 431 432
435 432 433
436 433 434
437 434 435
438 436 435
439 435 437
440 437 438
441 438 439
442 439 440
443 440 441
444 441 442
445 442 443
446 443 444
447 444 445
448 445 446
449 446 447
450 447 0
451 375 448
452 448 449
453 449 450
454 450 451
455 451 452
456 452 453
457 453 454
458 454 455
459 455 456
460 456 457
461 457 458
462 458 459
463 459 460
464 460 461
465 461 462
466 462 463
467 463 464
468 464 465
469 465 466
470 466 467
471 467 468
472 468 469
473 469 470
474 470 471
475 471 472
476 472 473
477 473 474
478 474 475
479 475 476
480 476 477
481 477 478
482 478 479
483 479 480
484 480 481
485 481 482
486 482 483
487 483 484
488 484 485
489 485 486
490 486 487
491 487 488
492 488 489
493 489 490
494 490 491
495 491 492
496 492 493
497 493 494
498 494 495
499 495 496
500 496 497
501 497 498
502 498 499
503 499 500
504 500 501
505 501 502
506 502 503
507 503 504
508 504 505
509 505 427
510 376 506
511 506 507
512 507 508
513 508 509
514 509 510
515 510 511
516 511 512
517 512 513
518 513 514
519 514 515
520 381 516
521 516 517
522 517 518
523 518 519
524 519 520
525 520 521
526 379 522
527 522 523
528 523 524
529 524 525
530 525 526
531 526 527
532 527 528
533 528 529
534 529 521
535 521 530
536 530 531
537 531 532
538 532 533
539 533 534
540 534 535
541 535 536
542 536 537
543 537 538
544 538 539
545 539 540
546 540 541
547 541 542
548 542 543
549 543 544
550 544 545
551 545 546
552 546 547
553 547 548
554 548 549
555 549 550
556 550 551
557 551 552
558 552 553
559 553 554
560 554 555
561 555 556
562 556 557
563 557 558
564 558 559
565 559 490
566 380 560
567 560 561
568 561 562
569 562 563
570 563 564
571 564 565
572 373 566
573 566 567
574 567 568
575 568 569
576 569 570
577 570 571
578 565 571
579 571 572
580 572 573
581 573 574
582 574 575
583 575 576
584 576 577
585 577 578
586 578 579
587 579 580
588 580 581
589 581 582
590 582 583
591 583 584
592 584 585
593 585 586
594 586 587
595 587 588
596 588 589
597 589 590
598 590 591
599 591 395
600 374 592
601 592 593
602 593 594
603 594 595
604 595 596
605 596 597
606 597 598
607 598 599
608 599 600
609 600 601
610 601 602
611 602 603
612 603 604
613 604 605
614 605 606
615 606 607
616 607 608
617 608 609
618 609 610
619 610 611
620 611 612
621 612 613
622 613 614
623 614 615
624 615 616
625 616 410
626 378 617
627 617 618
628 618 619
629 619 620
630 620 621
631 621 622
632 622 623
633 623 597
634 377 624
635 624 625
636 625 626
637 626 627
638 627 628
639 628 629
640 629 630
641 630 631
642 631 632
643 632 633
644 633 634
645 634 635
646 635 636
647 636 637
648 637 638
649 638 639
650 639 640
651 640 641
652 641 642
653 642 643
654 643 644
655 644 602
656 582 515
657 260 645
658 645 646
659 646 647
660 647 648
661 648 649
662 649 650
663 650 651
664 651 652
665 652 653
666 653 654
667 654 655
668 655 656
669 656 657
670 657 658
671 658 659
672 659 660
673 660 661
674 661 662
675 662 663
676 663 664
677 664 665
678 665 666
679 666 667
680 667 668
681 668 669
682 669 670
683 670 671
684 671 672
685 672 673
686 673 674
687 674 675
688 675 676
689 676 677
690 677 678
691 678 679
692 679 680
693 680 681
694 681 682
695 682 683
696 683 684
697 684 685
698 685 686
699 686 687
700 687 688
701 688 689
702 689 690
703 690 438
704 137 691
705 691 692
706 692 693
707 693 694
708 694 695
709 695 696
710 696 697
711 697 698
712 698 699
713 699 700
714 700 701
715 701 702
716 702 703
717 703 704
718 704 705
719 705 706
720 706 707
721 707 708
722 708 709
723 709 710
724 710 711
725 711 712
726 712 713
727 713 714
728 714 440
729 215 715
730 715 716
731 716 717
732 717 718
733 718 719
734 719 720
735 720 721
736 721 722
737 722 723
738 723 724
739 724 725
740 725 726
741 726 727
742 727 728
743 728 729
744 729 730
745 730 731
746 731 732
747 732 733
748 733 734
749 734 436
