0 -3.4397817216813564e-07 -3.1659146770834923e-07 7.95031471212404e-11
1 0.0081480136141181 0.3056771159172058 0.15271639823913574
2 -0.175369530916214 0.23722222447395325 0.0953899621963501
3 -0.28994670510292053 0.3838914632797241 0.11068551242351532
4 0.023242531344294548 0.5119687914848328 0.18986916542053223
5 0.13836613297462463 0.29182738065719604 0.07457965612411499
6 0.19656902551651 0.3988324999809265 0.1316031813621521
7 0.2765530049800873 0.454121470451355 0.18634282052516937
8 0.3787975311279297 0.4638725817203522 0.20847253501415253
9 0.5494750738143921 0.41735440492630005 0.18272611498832703
10 0.6880947351455688 0.38713595271110535 0.10372564941644669
11 0.9240312576293945 0.2591506540775299 0.09072314947843552
12 1.045078158378601 0.16827639937400818 0.08396346122026443
13 1.0687834024429321 0.1636725813150406 0.06462207436561584
14 1.2115894556045532 0.21907773613929749 -0.01566542685031891
15 1.2561537027359009 0.22021137177944183 -0.022887932136654854
16 1.3001670837402344 0.2047542780637741 -0.022887932136654854
17 1.3430529832839966 0.16501444578170776 -0.01416192576289177
18 1.4034111499786377 0.09357687085866928 -0.033214107155799866
19 1.4220823049545288 0.03955487534403801 -0.05014265701174736
20 1.5311082601547241 -0.16734671592712402 -0.11208923161029816
21 1.592590093612671 -0.3049597442150116 -0.1697225123643875
22 1.6170974969863892 -0.38247379660606384 -0.1970464289188385
23 1.6540861129760742 -0.5388891696929932 -0.22750353813171387
24 1.686500072479248 -0.7444619536399841 -0.23857346177101135
25 1.780096411705017 -1.1420915126800537 -0.24842742085456848
26 1.8300576210021973 -1.2920241355895996 -0.24586573243141174
27 1.877632737159729 -1.3931212425231934 -0.24198636412620544
28 1.9950836896896362 -1.6547844409942627 -0.2333826720714569
29 2.1206161975860596 -2.002234935760498 -0.20859374105930328
30 2.193207025527954 -2.1925957202911377 -0.20684251189231873
31 2.25610613822937 -2.3368139266967773 -0.23079249262809753
32 2.302105665206909 -2.4151077270507812 -0.23411671817302704
33 2.364912986755371 -2.5567827224731445 -0.2140413224697113
34 2.3877599239349365 -2.65578031539917 -0.1997692883014679
35 2.4052553176879883 -2.8485305309295654 -0.16907471418380737
36 2.422290802001953 -3.0834131240844727 -0.1453283429145813
37 2.44191575050354 -3.347456455230713 -0.12481144815683365
38 2.467606544494629 -3.5722501277923584 -0.11410699039697647
39 2.5739662647247314 -4.171872138977051 -0.09002193063497543
40 2.5977540016174316 -4.308651447296143 -0.09002193063497543
41 2.6196935176849365 -4.440719127655029 -0.09002193063497543
42 2.6779239177703857 -4.7426066398620605 -0.09790540486574173
43 2.6764326095581055 -4.7703471183776855 -0.09114490449428558
44 2.645582437515259 -4.8251729011535645 -0.09114490449428558
45 2.64050555229187 -4.860864639282227 -0.041471656411886215
46 2.647102117538452 -4.888453483581543 -0.033281151205301285
47 2.65576434135437 -4.944997310638428 -0.029204122722148895
48 2.6606929302215576 -4.982913017272949 -0.030200667679309845
49 2.677449941635132 -5.145757675170898 -0.05278641730546951
50 2.682525396347046 -5.243515968322754 -0.06681620329618454
51 2.6837263107299805 -5.292519569396973 -0.07448315620422363
52 2.6883630752563477 -5.330854415893555 -0.07992095500230789
53 2.6991982460021973 -5.365241050720215 -0.08700061589479446
54 2.7076592445373535 -5.386652946472168 -0.0982244685292244
55 2.7213006019592285 -5.40841007232666 -0.11514658480882645
56 2.7348268032073975 -5.419921875 -0.1312628984451294
57 2.751162528991699 -5.421329498291016 -0.1512235403060913
58 2.7755653858184814 -5.4102678298950195 -0.1644868701696396
59 2.7963104248046875 -5.3952789306640625 -0.17419980466365814
60 2.82808256149292 -5.382673740386963 -0.1807614415884018
61 2.8593366146087646 -5.382673740386963 -0.18609093129634857
62 2.885030508041382 -5.393863201141357 -0.19062887132167816
63 2.9049227237701416 -5.417485237121582 -0.19362668693065643
64 2.9140360355377197 -5.449382305145264 -0.19362668693065643
65 2.9211971759796143 -5.550420761108398 -0.19604413211345673
66 2.95808744430542 -5.723982334136963 -0.19743266701698303
67 2.976865530014038 -5.802104949951172 -0.19570592045783997
68 3.0020761489868164 -5.891377925872803 -0.19795069098472595
69 3.0271403789520264 -5.972299098968506 -0.20036563277244568
70 3.0641396045684814 -6.126346588134766 -0.203963041305542
71 0.2840183973312378 0.4724116921424866 0.1743706315755844
72 0.29647791385650635 0.5397928357124329 0.12565307319164276
73 0.28614339232444763 0.5742412805557251 0.09197020530700684
74 0.2664440870285034 0.6051183342933655 0.055864088237285614
75 0.17113687098026276 0.6854978799819946 -0.06776738911867142
76 0.1424298733472824 0.7187979817390442 -0.11446410417556763
77 0.11831600219011307 0.7478877305984497 -0.13628137111663818
78 0.09487929195165634 0.7869489192962646 -0.1494675874710083
79 0.0754140093922615 0.8214840888977051 -0.14632803201675415
80 0.062227848917245865 0.8604146242141724 -0.13391274213790894
81 0.06041098013520241 0.8967521786689758 -0.11150461435317993
82 0.0643354281783104 1.0075089931488037 -0.04034125804901123
83 0.06328890472650528 1.0504164695739746 -0.024954557418823242
84 0.05819854512810707 1.3113453388214111 0.04223070293664932
85 0.05819854512810707 1.5018993616104126 0.09673701226711273
86 0.059460271149873734 1.5453025102615356 0.10632608085870743
87 0.0647595003247261 1.5887058973312378 0.10632608085870743
88 0.07211952656507492 1.6317726373672485 0.09673701226711273
89 0.08806139975786209 1.7132587432861328 0.06186448037624359
90 0.09031067043542862 1.7561572790145874 0.058079320937395096
91 0.09293925017118454 1.795761227607727 0.06508887559175491
92 0.10205166786909103 1.8308089971542358 0.0789327472448349
93 0.11474267393350601 1.861211895942688 0.10345548391342163
94 0.14172948896884918 1.8901262283325195 0.14078135788440704
95 0.16678865253925323 1.9251739978790283 0.19563111662864685
96 0.16941724717617035 1.9472540616989136 0.2280503213405609
97 0.15294478833675385 1.9740656614303589 0.252583771944046
98 0.133564755320549 1.9949597120285034 0.27075257897377014
99 0.10485809296369553 2.0240297317504883 0.29291847348213196
100 0.08378230780363083 2.0581870079040527 0.3049098551273346
101 0.07833167165517807 2.093233585357666 0.3082393705844879
102 0.09016262739896774 2.1268415451049805 0.30245497822761536
103 0.11980060487985611 2.1565420627593994 0.28389638662338257
104 0.14781078696250916 2.17572021484375 0.26522296667099
105 0.17556864023208618 2.201711654663086 0.2362033873796463
106 0.19272804260253906 2.226189136505127 0.2089502215385437
107 0.19563505053520203 2.2548959255218506 0.17769992351531982
108 0.18691402673721313 2.2846927642822266 0.14644962549209595
109 0.16801849007606506 2.31339955329895 0.11338239908218384
110 0.14720012247562408 2.3348488807678223 0.08352166414260864
111 0.12877900898456573 2.3537747859954834 0.048445891588926315
112 0.10935669392347336 2.368232011795044 0.007410716265439987
113 0.0778641328215599 2.3812530040740967 -0.07828538119792938
114 0.46304264664649963 0.5025939345359802 0.1696639508008957
115 0.5077379941940308 0.5450906753540039 0.16124707460403442
116 0.5183247327804565 0.5579900145530701 0.14407047629356384
117 0.5328378081321716 0.5638963580131531 0.122308649122715
118 0.5538412928581238 0.5542336106300354 0.08547297865152359
119 0.5818149447441101 0.5298025012016296 0.04030860215425491
120 0.6725924611091614 0.42792394757270813 -0.0957765206694603
121 0.6998736262321472 0.4041166305541992 -0.13904976844787598
122 0.7312368750572205 0.3922699987888336 -0.18612490594387054
123 0.7541932463645935 0.3836832642555237 -0.21486417949199677
124 0.7864373326301575 0.3668602705001831 -0.2381710410118103
125 0.8303874135017395 0.3470582067966461 -0.253942608833313
126 0.8647032976150513 0.3332192599773407 -0.2640289068222046
127 0.910812497138977 0.32248052954673767 -0.2730497419834137
128 0.9525195360183716 0.3237074315547943 -0.2847908139228821
129 0.9852893352508545 0.33281978964805603 -0.2954804301261902
130 1.071507215499878 0.384298175573349 -0.32071495056152344
131 1.1070457696914673 0.39018622040748596 -0.33543509244918823
132 1.1326099634170532 0.38194650411605835 -0.35957109928131104
133 1.1348004341125488 0.3658828139305115 -0.3882909417152405
134 1.0771815776824951 0.32586950063705444 -0.4469612240791321
135 1.0600221157073975 0.31197911500930786 -0.47118639945983887
136 1.0189604759216309 0.2665570080280304 -0.5456787943840027
137 0.9963913559913635 0.24323661625385284 -0.5730229020118713
138 0.3841756582260132 0.47631749510765076 0.23413752019405365
139 0.3808014690876007 0.5475627183914185 0.24360479414463043
140 0.35777145624160767 0.6320735216140747 0.23158304393291473
141 0.3136596977710724 0.7728407979011536 0.18521244823932648
142 0.29767030477523804 0.7998450994491577 0.18041451275348663
143 0.2777155637741089 0.8208231925964355 0.18512673676013947
144 0.2608657777309418 0.8276773691177368 0.19697870314121246
145 0.16570958495140076 0.8281850814819336 0.327419251203537
146 0.13010285794734955 0.8019468784332275 0.34670594334602356
147 0.14946523308753967 0.8355875611305237 0.34962669014930725
148 0.12931400537490845 0.8542994260787964 0.36669352650642395
149 0.11845702677965164 0.890571653842926 0.3718753159046173
150 0.09861833602190018 1.0146374702453613 0.37627819180488586
151 0.3725726008415222 0.6322662830352783 0.22609570622444153
152 0.4057581126689911 0.659385621547699 0.16472040116786957
153 0.4128947854042053 0.6843639016151428 0.13421104848384857
154 0.41464534401893616 0.7306391596794128 0.0861545205116272
155 0.40265846252441406 0.7792339324951172 0.039944589138031006
156 0.3713141977787018 0.8537408113479614 -0.009897887706756592
157 0.28558436036109924 1.0195848941802979 -0.07469916343688965
158 0.2593730092048645 1.0975797176361084 -0.10474634170532227
159 0.43022602796554565 0.7305880784988403 0.08577284216880798
160 0.47274908423423767 0.6875655055046082 0.06057747080922127
161 0.5095094442367554 0.650001585483551 0.028223518282175064
162 0.521668553352356 0.6348481774330139 0.007992375642061234
163 0.5325177907943726 0.6224773526191711 -0.01880016177892685
164 0.5571638345718384 0.5849584341049194 -0.0998939648270607
165 0.5673896670341492 0.5682482123374939 -0.12501651048660278
166 0.5832449197769165 0.5229557156562805 -0.168191060423851
167 0.6015741229057312 0.41333991289138794 -0.24402368068695068
168 0.6054723262786865 0.3881452679634094 -0.2625052034854889
169 0.6130478382110596 0.36725524067878723 -0.28648513555526733
170 0.6201832890510559 0.3504021167755127 -0.3121603727340698
171 0.6227685809135437 0.34516265988349915 -0.33840349316596985
172 0.6185930371284485 0.35183262825012207 -0.365932822227478
173 0.6055759787559509 0.3685009479522705 -0.3908788859844208
174 0.5715879797935486 0.39853376150131226 -0.43352407217025757
175 0.5514534115791321 0.4059703052043915 -0.45707306265830994
176 0.5342016220092773 0.40588679909706116 -0.4773130416870117
177 0.5201089382171631 0.39798814058303833 -0.4989985525608063
178 0.4918689727783203 0.3683491051197052 -0.5498532652854919
179 0.48007866740226746 0.34981873631477356 -0.5757386088371277
180 0.46121037006378174 0.3060920834541321 -0.6272522211074829
181 0.45522040128707886 0.2866246998310089 -0.6482170820236206
182 0.4500279426574707 0.2596057951450348 -0.6752790808677673
183 0.44613444805145264 0.20958968997001648 -0.7151122689247131
184 0.4473324418067932 0.18023891746997833 -0.7336811423301697
185 0.4491294026374817 0.1475936770439148 -0.7492550015449524
186 0.45481985807418823 0.048160482197999954 -0.7854942083358765
187 0.4568307101726532 0.01142590120434761 -0.7953776121139526
188 0.4580393433570862 -0.05571148544549942 -0.8056104183197021
189 0.4604167640209198 -0.12678119540214539 -0.810376763343811
190 0.4633459150791168 -0.20075714588165283 -0.8106762766838074
191 0.46753886342048645 -0.2720906436443329 -0.8088155388832092
192 0.47402799129486084 -0.3369818329811096 -0.8067356944084167
193 0.4806927442550659 -0.38336241245269775 -0.8038239479064941
194 0.5035980343818665 -0.520723819732666 -0.7939963936805725
195 0.5233649015426636 -0.6321370601654053 -0.7802194952964783
196 0.5384438037872314 -0.7044116854667664 -0.7689536809921265
197 0.5639219284057617 -0.8118703961372375 -0.7457287311553955
198 0.9461855292320251 0.27301713824272156 0.0543380007147789
199 0.9599394202232361 0.276251882314682 0.025032924488186836
200 0.9693180322647095 0.2758520543575287 -0.0026009930297732353
201 0.9777655005455017 0.27244213223457336 -0.029104039072990417
202 0.981783926486969 0.25744518637657166 -0.07050663977861404
203 0.9888827204704285 0.2322479784488678 -0.1183219775557518
204 1.0405280590057373 0.16599535942077637 -0.234514057636261
205 1.0556491613388062 0.1522834748029709 -0.25953251123428345
206 1.0792431831359863 0.14310809969902039 -0.2730390727519989
207 1.1643930673599243 0.1155209019780159 -0.2864893078804016
208 1.185070514678955 0.11486887186765671 -0.2936404049396515
209 1.2015810012817383 0.12134494632482529 -0.3040945529937744
210 1.2095245122909546 0.13355085253715515 -0.31572604179382324
211 1.2086321115493774 0.16661863029003143 -0.34067317843437195
212 1.192078948020935 0.20019114017486572 -0.35851460695266724
213 1.1830978393554688 0.21780306100845337 -0.3645554482936859
214 1.1718043088912964 0.25455328822135925 -0.3599332571029663
215 1.1620290279388428 0.30301374197006226 -0.32976365089416504
216 1.665210485458374 -0.8467409610748291 -0.3087655007839203
217 1.661681056022644 -0.8999306559562683 -0.33823350071907043
218 1.6688259840011597 -0.9439626932144165 -0.36877936124801636
219 1.6864718198776245 -0.9976988434791565 -0.39671701192855835
220 1.7153778076171875 -1.0512173175811768 -0.4191250801086426
221 1.751045823097229 -1.1057212352752686 -0.4391723871231079
222 1.7956349849700928 -1.1602740287780762 -0.450340211391449
223 1.8517557382583618 -1.2165570259094238 -0.4593493342399597
224 1.9072353839874268 -1.268231749534607 -0.4626205563545227
225 1.9685620069503784 -1.315261960029602 -0.45838239789009094
226 2.0295393466949463 -1.3648898601531982 -0.45336049795150757
227 2.0876810550689697 -1.4185760021209717 -0.4390621483325958
228 2.1401312351226807 -1.4720929861068726 -0.42497777938842773
229 2.1845016479492188 -1.540724277496338 -0.3961866497993469
230 2.219726800918579 -1.6131752729415894 -0.36579495668411255
231 2.248622417449951 -1.6761418581008911 -0.3399182856082916
232 2.2775180339813232 -1.752478003501892 -0.3166292905807495
233 2.3335840702056885 -1.9146384000778198 -0.278676837682724
234 2.360323190689087 -1.9978749752044678 -0.2691887319087982
235 2.404029369354248 -2.1725423336029053 -0.24969056248664856
236 2.41818904876709 -2.274641275405884 -0.23927244544029236
237 2.4282679557800293 -2.458066701889038 -0.21892860531806946
238 2.4172093868255615 -2.5517327785491943 -0.20888708531856537
239 1.8399168252944946 -1.4131240844726562 -0.3501061797142029
240 1.8478318452835083 -1.456218957901001 -0.3829408288002014
241 1.8690390586853027 -1.5100327730178833 -0.4173215627670288
242 1.893837571144104 -1.572927713394165 -0.4424794912338257
243 1.931746006011963 -1.6356321573257446 -0.46191132068634033
244 2.0189499855041504 -1.7794617414474487 -0.48072493076324463
245 2.0610339641571045 -1.8595980405807495 -0.4828736484050751
246 2.0986907482147217 -1.9425363540649414 -0.4808269143104553
247 2.1342194080352783 -2.0283167362213135 -0.47189509868621826
248 2.1596410274505615 -2.113145589828491 -0.4608445465564728
249 2.207944393157959 -2.290832757949829 -0.4289298951625824
250 2.2299396991729736 -2.369325637817383 -0.4052095413208008
251 2.25840425491333 -2.4350526332855225 -0.3700171709060669
252 2.284479856491089 -2.502429246902466 -0.3224371671676636
253 2.2450368404388428 -2.4144442081451416 -0.2721037268638611
254 2.26935076713562 -2.471816062927246 -0.3075217306613922
255 2.3161165714263916 -2.5714142322540283 -0.3438941240310669
256 2.395890474319458 -2.7403078079223633 -0.2983884811401367
257 2.46248197555542 -2.9162697792053223 -0.27525806427001953
258 2.506131649017334 -3.1203839778900146 -0.2574763000011444
259 2.5691421031951904 -3.547868013381958 -0.20975464582443237
260 2.6612393856048584 -4.038493633270264 -0.17194920778274536
261 2.3709754943847656 -2.71718692779541 -0.3676145374774933
262 2.432124614715576 -2.835784912109375 -0.36469030380249023
263 2.5420494079589844 -3.0453155040740967 -0.3355788588523865
264 2.596390962600708 -3.182980537414551 -0.30970197916030884
265 2.6346888542175293 -3.3159878253936768 -0.28641277551651
266 2.692547082901001 -3.609729766845703 -0.24915003776550293
267 2.7530736923217773 -3.9806160926818848 -0.21033865213394165
268 2.7977890968322754 -4.138014316558838 -0.1930408477783203
269 2.826357126235962 -4.356622219085693 -0.17641741037368774
270 2.833688974380493 -4.49678897857666 -0.16994816064834595
271 2.833688974380493 -4.56137752532959 -0.16994816064834595
272 2.802119255065918 -4.760629653930664 -0.17535579204559326
273 2.8009212017059326 -4.7786545753479 -0.15633666515350342
274 2.7567391395568848 -4.8096232414245605 -0.1480918824672699
275 2.710358142852783 -4.795896053314209 -0.11377403140068054
276 2.810804843902588 -4.84239387512207 -0.1920427680015564
277 2.8341176509857178 -4.968290328979492 -0.212519571185112
278 2.9171719551086426 -5.146979808807373 -0.23578298091888428
279 2.996769428253174 -5.390264511108398 -0.2522555887699127
280 3.030613422393799 -5.522345066070557 -0.25188952684402466
281 3.044276475906372 -5.593765735626221 -0.24989283084869385
282 3.0515143871307373 -5.693849563598633 -0.24240528047084808
283 3.0738158226013184 -5.838554382324219 -0.2432372272014618
284 3.1040055751800537 -5.9558634757995605 -0.24121513962745667
285 3.1540870666503906 -6.116839408874512 -0.22870787978172302
286 2.9327709674835205 -5.211672306060791 -0.22829540073871613
287 2.927917957305908 -5.245296955108643 -0.22292235493659973
288 2.916651964187622 -5.269042491912842 -0.20957645773887634
289 2.8953332901000977 -5.2818684577941895 -0.1910308301448822
290 2.870368719100952 -5.286778450012207 -0.1638546586036682
291 2.839669704437256 -5.284032821655273 -0.13664981722831726
292 2.8003015518188477 -5.296437740325928 -0.11276271194219589
293 2.778587579727173 -5.296936988830566 -0.10178091377019882
294 2.742647171020508 -5.278717517852783 -0.08880246430635452
295 2.6532955169677734 -5.233791828155518 -0.09179749339818954
296 2.6287333965301514 -5.225792407989502 -0.09163419902324677
297 2.605195999145508 -5.228747844696045 -0.08653999865055084
298 2.584960699081421 -5.245492458343506 -0.07905048877000809
299 2.5676114559173584 -5.2706170082092285 -0.06837776303291321
300 2.547710418701172 -5.329829692840576 -0.04555611312389374
301 2.526564836502075 -5.412678241729736 -0.02545057237148285
302 2.48982572555542 -5.541384696960449 0.02630360797047615
303 2.473958969116211 -5.639586925506592 0.04355509951710701
304 2.6975488662719727 -5.353781223297119 -0.01679900474846363
305 2.676284074783325 -5.454714298248291 0.043101757764816284
306 2.671626091003418 -5.512161731719971 0.06026086211204529
307 2.6740527153015137 -5.561385631561279 0.07395347952842712
308 2.6977734565734863 -5.70658540725708 0.08194026350975037
309 2.7189927101135254 -5.8339009284973145 0.0969490259885788
310 2.7324488162994385 -5.912049770355225 0.11299280822277069
311 2.747967004776001 -6.0512614250183105 0.12976500391960144
312 2.7569520473480225 -6.1163129806518555 0.13086314499378204
313 2.802591323852539 -4.883700847625732 -0.19167973101139069
314 2.8145716190338135 -4.945698261260986 -0.16472430527210236
315 2.8248047828674316 -4.976397514343262 -0.15848465263843536
316 2.8380329608917236 -5.008594036102295 -0.15798547863960266
317 2.8946893215179443 -5.137381076812744 -0.17470782995224
318 2.9273500442504883 -5.189017295837402 -0.1838655322790146
319 2.9462332725524902 -5.2084879875183105 -0.19291608035564423
320 2.963261365890503 -5.228883743286133 -0.20480474829673767
321 3.008871555328369 -5.298985004425049 -0.2679504454135895
322 3.034388780593872 -5.344362258911133 -0.30393943190574646
323 3.047027111053467 -5.36903715133667 -0.31778132915496826
324 3.0609893798828125 -5.400572776794434 -0.33210471272468567
325 3.0865073204040527 -5.477845191955566 -0.3583923280239105
326 3.1074507236480713 -5.555696964263916 -0.3696584403514862
327 3.1198723316192627 -5.585740089416504 -0.36734744906425476
328 3.1588704586029053 -5.679046630859375 -0.3488594591617584
329 3.1710031032562256 -5.7155890464782715 -0.3451040983200073
330 3.1832802295684814 -5.760653495788574 -0.34495967626571655
331 3.19815731048584 -5.811784267425537 -0.35362592339515686
332 3.231973171234131 -5.906790256500244 -0.3718458414077759
333 3.059357166290283 -5.576220512390137 -0.26994988322257996
334 3.080156087875366 -5.613138675689697 -0.27809616923332214
335 3.126579523086548 -5.675951957702637 -0.27592960000038147
336 3.1634979248046875 -5.736013889312744 -0.2777350842952728
337 3.1768438816070557 -5.7753586769104 -0.28553473949432373
338 3.208169937133789 -5.9160847663879395 -0.31093794107437134
339 2.9091997146606445 -5.5839996337890625 -0.14779023826122284
340 2.8994972705841064 -5.655856132507324 -0.1283222734928131
341 2.885833263397217 -5.740370273590088 -0.11584281921386719
342 2.8830010890960693 -5.815184116363525 -0.10785594582557678
343 2.885242462158203 -5.844567775726318 -0.1052042692899704
344 2.8975090980529785 -5.921990394592285 -0.10046207904815674
345 2.906259059906006 -5.9575934410095215 -0.10129797458648682
346 2.9463951587677 -6.117543697357178 -0.10615997761487961
347 2.8735594749450684 -5.130560874938965 -0.20576241612434387
348 2.8269615173339844 -5.127031326293945 -0.1655188649892807
349 2.803452253341675 -5.12853479385376 -0.15241433680057526
350 2.788667678833008 -5.144977569580078 -0.1537700891494751
351 2.774273633956909 -5.169966220855713 -0.1535511612892151
352 2.770141839981079 -5.2000412940979 -0.14533059298992157
353 2.777646780014038 -5.241890907287598 -0.13621091842651367
354 2.812377691268921 -5.373880863189697 -0.11922497302293777
355 2.8305976390838623 -5.472468852996826 -0.10899180173873901
356 2.838834047317505 -5.5263800621032715 -0.10499836504459381
357 2.8430771827697754 -5.731043815612793 -0.09401644021272659
358 2.8496663570404053 -5.892777919769287 -0.06526368856430054
359 2.863359212875366 -5.974543571472168 -0.05328337848186493
360 2.8721988201141357 -6.024981498718262 -0.05259007215499878
361 2.8879666328430176 -6.104663372039795 -0.061256371438503265
362 2.929100275039673 -6.261696815490723 -0.0650695413351059
363 2.9825377464294434 -6.261025905609131 -0.0929117202758789
364 2.8214311599731445 -5.583840847015381 -0.05376066267490387
365 2.7911715507507324 -5.660729885101318 -0.02580644190311432
366 2.7781341075897217 -5.725818157196045 -0.001596108078956604
367 2.7746219635009766 -5.756127834320068 0.00827394425868988
368 2.775069236755371 -5.803023338317871 0.021062802523374557
369 2.775705099105835 -5.852268695831299 0.03237719461321831
370 2.778205633163452 -5.936316967010498 0.0512242466211319
371 2.784904718399048 -5.997049808502197 0.06050242483615875
372 2.7941770553588867 -6.115736961364746 0.08163584768772125
373 3.064758777618408 -6.107539176940918 -0.19517719745635986
374 3.1467995643615723 -6.092724800109863 -0.21805021166801453
375 2.4855687618255615 -5.629030704498291 0.04426129534840584
376 2.741637706756592 -6.0891923904418945 0.1232195645570755
377 3.2324607372283936 -5.893438816070557 -0.3681557774543762
378 3.208268165588379 -5.892571449279785 -0.2980334758758545
379 2.906735420227051 -6.216813564300537 -0.0755070298910141
380 2.934964418411255 -6.045603275299072 -0.09448366612195969
381 2.792832374572754 -5.938479423522949 0.039396777749061584
382 2.452237129211426 -5.623531818389893 0.11391420662403107
383 2.4545273780822754 -5.598330974578857 0.10548662394285202
384 2.4573111534118652 -5.559527397155762 0.09522823244333267
385 2.4698615074157715 -5.41890811920166 0.07075923681259155
386 2.4750149250030518 -5.341165065765381 0.047219447791576385
387 2.4844627380371094 -5.245147705078125 0.0038566850125789642
388 2.493481159210205 -5.178555011749268 -0.02683389000594616
389 2.5017263889312744 -5.14374303817749 -0.04386923462152481
390 2.511775493621826 -5.117976188659668 -0.057807303965091705
391 2.5403764247894287 -5.069534778594971 -0.08475414663553238
392 2.5593435764312744 -5.044841766357422 -0.10333815962076187
393 2.585289239883423 -5.022237300872803 -0.1092817559838295
394 2.615135669708252 -4.991291522979736 -0.11125344038009644
395 2.6411170959472656 -4.945126056671143 -0.10551762580871582
396 2.661945104598999 -4.900249004364014 -0.1033666729927063
397 2.698901653289795 -4.826378345489502 -0.12591931223869324
398 2.6909568309783936 -4.813709735870361 -0.12358912825584412
399 2.6845152378082275 -4.762391090393066 -0.12010380625724792
400 2.6735644340515137 -4.702054023742676 -0.1163695752620697
401 2.637920618057251 -4.519969463348389 -0.12047722935676575
402 2.599628448486328 -4.320055961608887 -0.11844584345817566
403 2.5386929512023926 -3.9338338375091553 -0.1295441836118698
404 2.476243495941162 -3.522218942642212 -0.1572900265455246
405 2.44525408744812 -3.2601749897003174 -0.17272424697875977
406 2.3809945583343506 -2.856891632080078 -0.21619272232055664
407 2.3462650775909424 -2.6987392902374268 -0.23477673530578613
408 2.3210344314575195 -2.628241539001465 -0.24295371770858765
409 2.2946906089782715 -2.562082290649414 -0.24852892756462097
410 2.2627811431884766 -2.5074450969696045 -0.2489006072282791
411 2.218998432159424 -2.4410288333892822 -0.24818362295627594
412 2.1440482139587402 -2.341960906982422 -0.2255110889673233
413 2.1117677688598633 -2.285191774368286 -0.22402800619602203
414 2.0809714794158936 -2.2243411540985107 -0.2213992029428482
415 2.0553696155548096 -2.162006378173828 -0.22634769976139069
416 2.0030083656311035 -2.000648260116577 -0.24523164331912994
417 1.9575929641723633 -1.8248640298843384 -0.2591440677642822
418 1.8948107957839966 -1.6069728136062622 -0.25165098905563354
419 1.7976571321487427 -1.332493543624878 -0.2313341200351715
420 1.7173328399658203 -1.1118324995040894 -0.2358233630657196
421 1.694366216659546 -1.027981162071228 -0.23489753901958466
422 1.6472795009613037 -0.831325113773346 -0.22532276809215546
423 1.6334304809570312 -0.7380750775337219 -0.21590308845043182
424 1.6085021495819092 -0.5866591930389404 -0.1975511908531189
425 1.589113473892212 -0.4500155448913574 -0.16799908876419067
426 1.5560296773910522 -0.3030620813369751 -0.12175595760345459
427 1.511405110359192 -0.19303934276103973 -0.09544092416763306
428 1.3952271938323975 0.037008196115493774 -0.07831383496522903
429 1.3295140266418457 0.06450647115707397 -0.058414921164512634
430 1.2699594497680664 0.06936896592378616 -0.026744617149233818
431 1.2143924236297607 0.05120279639959335 0.0178361963480711
432 1.0797492265701294 -0.025201871991157532 0.13824854791164398
433 1.0482256412506104 -0.00917292945086956 0.16724251210689545
434 0.9990701675415039 0.16073398292064667 0.14495037496089935
435 0.9439460635185242 0.2277456521987915 0.1495206654071808
436 0.9338225722312927 0.19607987999916077 0.13434766232967377
437 0.847835898399353 0.27876392006874084 0.16986766457557678
438 0.784191906452179 0.2862362861633301 0.1844821274280548
439 0.5549769401550293 0.32256871461868286 0.21837952733039856
440 0.369574636220932 0.33432331681251526 0.2814456522464752
441 0.2701947093009949 0.34714654088020325 0.2982255518436432
442 0.07698569446802139 0.3821828067302704 0.2862530052661896
443 -0.027523502707481384 0.33858388662338257 0.2543860971927643
444 -0.12113296985626221 0.2462567389011383 0.2543860971927643
445 -0.20833082497119904 0.09943091869354248 0.2806549370288849
446 -0.23333609104156494 -0.06727087497711182 0.3076963722705841
447 -0.18860554695129395 -0.3823310136795044 0.3076963722705841
448 2.4883005619049072 -5.589146614074707 0.03586472198367119
449 2.4923391342163086 -5.559220314025879 0.026217948645353317
450 2.497811794281006 -5.526737689971924 0.015513073652982712
451 2.510685920715332 -5.463687896728516 -0.014062393456697464
452 2.5230085849761963 -5.410358905792236 -0.03879820182919502
453 2.5429039001464844 -5.341537952423096 -0.06925391405820847
454 2.5518782138824463 -5.311767101287842 -0.08119135349988937
455 2.5690505504608154 -5.284239768981934 -0.09711926430463791
456 2.5794057846069336 -5.272849082946777 -0.10374145954847336
457 2.5990805625915527 -5.26197624206543 -0.11223988980054855
458 2.6221206188201904 -5.258351802825928 -0.11444061249494553
459 2.6457648277282715 -5.261199474334717 -0.11583667248487473
460 2.691244602203369 -5.278968811035156 -0.10699623078107834
461 2.7187063694000244 -5.2952470779418945 -0.10783212631940842
462 2.7428131103515625 -5.310034275054932 -0.11368244141340256
463 2.7670440673828125 -5.319850921630859 -0.12581169605255127
464 2.788417100906372 -5.32420015335083 -0.13992184400558472
465 2.8775274753570557 -5.303157329559326 -0.1907787322998047
466 2.921217918395996 -5.278702735900879 -0.20297199487686157
467 2.969316244125366 -5.227598190307617 -0.20297199487686157
468 2.988856077194214 -5.1902360916137695 -0.20208287239074707
469 2.9978744983673096 -5.156739234924316 -0.19970136880874634
470 2.9886770248413086 -5.095614433288574 -0.19395604729652405
471 2.961158037185669 -4.9963603019714355 -0.18750318884849548
472 2.9472439289093018 -4.9181318283081055 -0.18051257729530334
473 2.939204692840576 -4.841758728027344 -0.17477670311927795
474 2.936533212661743 -4.684139251708984 -0.17208799719810486
475 2.93546462059021 -4.531862735748291 -0.18017897009849548
476 2.9295873641967773 -4.453854560852051 -0.18971261382102966
477 2.9193286895751953 -4.385890960693359 -0.2011098563671112
478 2.906445264816284 -4.323620796203613 -0.21492460370063782
479 2.87453556060791 -4.2111945152282715 -0.24665549397468567
480 2.834833860397339 -4.109899520874023 -0.2812221348285675
481 2.791792869567871 -4.000070571899414 -0.3191339671611786
482 2.7487518787384033 -3.886902093887329 -0.3525855839252472
483 2.7246339321136475 -3.821969509124756 -0.36522284150123596
484 2.6099936962127686 -3.463355541229248 -0.40675613284111023
485 2.5517547130584717 -3.3072478771209717 -0.42994925379753113
486 2.3246285915374756 -2.8529956340789795 -0.4985438287258148
487 2.285851001739502 -2.7846732139587402 -0.4957045614719391
488 2.253126859664917 -2.71639084815979 -0.48873546719551086
489 2.2211759090423584 -2.6560962200164795 -0.46318212151527405
490 2.1752188205718994 -2.56966495513916 -0.4260265827178955
491 2.1155548095703125 -2.4498918056488037 -0.36500829458236694
492 2.082160711288452 -2.3715271949768066 -0.3384224772453308
493 2.0558907985687256 -2.303385019302368 -0.3231937289237976
494 1.92201566696167 -1.9682353734970093 -0.2958971858024597
495 1.8925220966339111 -1.8945014476776123 -0.29394692182540894
496 1.8316113948822021 -1.7444689273834229 -0.29709649085998535
497 1.7181252241134644 -1.518778920173645 -0.30638861656188965
498 1.5950216054916382 -1.2462838888168335 -0.3208843469619751
499 1.5597575902938843 -1.1165657043457031 -0.3071320056915283
500 1.5488578081130981 -1.0537315607070923 -0.3001740574836731
501 1.520646572113037 -0.7652074098587036 -0.24552077054977417
502 1.5116702318191528 -0.6639034152030945 -0.21474522352218628
503 1.5071821212768555 -0.5222060084342957 -0.17725807428359985
504 1.5020527839660645 -0.43821343779563904 -0.1540597677230835
505 1.5033351182937622 -0.355503112077713 -0.1360599398612976
506 2.737352132797241 -6.046909332275391 0.11679685115814209
507 2.7278995513916016 -5.907667636871338 0.09217634052038193
508 2.7052133083343506 -5.804247856140137 0.08103882521390915
509 2.6853628158569336 -5.708465099334717 0.06576451659202576
510 2.6755950450897217 -5.658505439758301 0.057809147983789444
511 2.6658272743225098 -5.585316181182861 0.053354181349277496
512 2.664566993713379 -5.504270553588867 0.04505028575658798
513 2.664882183074951 -5.450390815734863 0.0319223627448082
514 2.666166305541992 -5.403922080993652 0.018439602106809616
515 2.668405771255493 -5.236214637756348 -0.042587634176015854
516 2.7920374870300293 -5.893963813781738 0.033244743943214417
517 2.795217275619507 -5.811689376831055 0.02119697630405426
518 2.800384283065796 -5.738556385040283 0.005304232239723206
519 2.808333396911621 -5.703182220458984 -0.0062308162450790405
520 2.8329761028289795 -5.5974602699279785 -0.042915552854537964
521 2.850149154663086 -5.534571170806885 -0.057917315512895584
522 2.8937244415283203 -6.160470485687256 -0.07203768193721771
523 2.8870298862457275 -6.108030319213867 -0.06811545789241791
524 2.8907363414764404 -6.016912460327148 -0.0659855455160141
525 2.887338638305664 -5.967183589935303 -0.0659855455160141
526 2.8827054500579834 -5.925485610961914 -0.0659855455160141
527 2.864790678024292 -5.822630405426025 -0.06561754643917084
528 2.8542890548706055 -5.694138526916504 -0.06572113931179047
529 2.8500795364379883 -5.545487880706787 -0.05919690057635307
530 2.8481550216674805 -5.515941619873047 -0.05971292406320572
531 2.846590042114258 -5.484328746795654 -0.059825100004673004
532 2.841269016265869 -5.428927898406982 -0.06274298578500748
533 2.830547571182251 -5.329411029815674 -0.0741441622376442
534 2.8177859783172607 -5.283043384552002 -0.08013532310724258
535 2.805875062942505 -5.243907451629639 -0.08516786247491837
536 2.7582314014434814 -5.104379653930664 -0.10311803966760635
537 2.7361111640930176 -5.018450736999512 -0.11488667875528336
538 2.720797061920166 -4.926991939544678 -0.12790724635124207
539 2.720371723175049 -4.87849760055542 -0.13792309165000916
540 2.7366325855255127 -4.797726631164551 -0.16504284739494324
541 2.7321009635925293 -4.753969669342041 -0.1720295250415802
542 2.719038963317871 -4.708652973175049 -0.17617568373680115
543 2.703577995300293 -4.659870624542236 -0.1743987500667572
544 2.65718150138855 -4.504603385925293 -0.1528514325618744
545 2.640644073486328 -4.448101043701172 -0.1487509310245514
546 2.624021530151367 -4.392597198486328 -0.14833024144172668
547 2.594174385070801 -4.302773952484131 -0.15382327139377594
548 2.55857253074646 -4.199016094207764 -0.1666787713766098
549 2.4923272132873535 -3.931118965148926 -0.2266196608543396
550 2.478715181350708 -3.8830230236053467 -0.23472082614898682
551 2.4455924034118652 -3.7714040279388428 -0.2505856156349182
552 2.4023897647857666 -3.6191983222961426 -0.2708177864551544
553 2.350118398666382 -3.4372053146362305 -0.2922607958316803
554 2.2731566429138184 -3.1774606704711914 -0.31313949823379517
555 2.2340645790100098 -3.036729574203491 -0.3267160654067993
556 2.203826904296875 -2.910198926925659 -0.35261043906211853
557 2.1806585788726807 -2.789618968963623 -0.38776734471321106
558 2.1806585788726807 -2.681676149368286 -0.41367247700691223
559 2.1881301403045654 -2.592122793197632 -0.42702198028564453
560 2.9333178997039795 -6.018435955047607 -0.0930129811167717
561 2.9320831298828125 -5.938169479370117 -0.09026788920164108
562 2.930025100708008 -5.9134721755981445 -0.089545838534832
563 2.9209694862365723 -5.791631698608398 -0.09488885849714279
564 2.9440205097198486 -5.626138210296631 -0.11482405662536621
565 2.9534878730773926 -5.565038681030273 -0.1376071274280548
566 3.0406792163848877 -6.038554668426514 -0.1940910816192627
567 2.9977266788482666 -5.880736351013184 -0.18550050258636475
568 2.9785282611846924 -5.805300235748291 -0.18281595408916473
569 2.9345993995666504 -5.63966178894043 -0.18313758075237274
570 2.915400981903076 -5.570677280426025 -0.1815294474363327
571 2.895720958709717 -5.468059539794922 -0.1853889673948288
572 2.8854124546051025 -5.436665058135986 -0.18731872737407684
573 2.870046377182007 -5.411075115203857 -0.18279479444026947
574 2.8521947860717773 -5.397064685821533 -0.17568574845790863
575 2.788416624069214 -5.388929843902588 -0.1425102800130844
576 2.742860794067383 -5.369080543518066 -0.11597596108913422
577 2.718130588531494 -5.351509094238281 -0.10744510591030121
578 2.6967084407806396 -5.333069801330566 -0.09937958419322968
579 2.6785404682159424 -5.309207439422607 -0.09271000325679779
580 2.665515661239624 -5.280176639556885 -0.09208957850933075
581 2.6559431552886963 -5.249576568603516 -0.09053848683834076
582 2.654060125350952 -5.213772773742676 -0.08265392482280731
583 2.6527042388916016 -5.097171783447266 -0.04468391835689545
584 2.6489078998565674 -5.05378532409668 -0.03661833703517914
585 2.642400026321411 -5.019618511199951 -0.03382645547389984
586 2.6293840408325195 -4.981112957000732 -0.03680454194545746
587 2.6166393756866455 -4.964733600616455 -0.04573865979909897
588 2.6076910495758057 -4.9572882652282715 -0.05560341477394104
589 2.602983236312866 -4.952821254730225 -0.07551905512809753
590 2.601059913635254 -4.951257705688477 -0.09160047024488449
591 2.6061742305755615 -4.949024200439453 -0.1056717038154602
592 3.131831169128418 -6.0452165603637695 -0.21805021166801453
593 3.114259719848633 -5.982089042663574 -0.22028371691703796
594 3.1028707027435303 -5.932953834533691 -0.22207054495811462
595 3.0657596588134766 -5.68048620223999 -0.22672376036643982
596 3.059576988220215 -5.569596290588379 -0.24228546023368835
597 3.053551197052002 -5.523496150970459 -0.24630580842494965
598 3.0410776138305664 -5.477126598358154 -0.24863241612911224
599 3.0253500938415527 -5.4291300773620605 -0.2448800653219223
600 2.8430747985839844 -4.9450364112854 -0.19460047781467438
601 2.821598529815674 -4.896877288818359 -0.18709583580493927
602 2.779296636581421 -4.808368682861328 -0.167998805642128
603 2.77409029006958 -4.758582592010498 -0.16555775701999664
604 2.769404649734497 -4.599735736846924 -0.17288316786289215
605 2.7633132934570312 -4.4980549812316895 -0.1752805858850479
606 2.708021640777588 -3.9498231410980225 -0.20510824024677277
607 2.679344892501831 -3.7569580078125 -0.22539110481739044
608 2.655728816986084 -3.6079514026641846 -0.24070794880390167
609 2.5966885089874268 -3.2913825511932373 -0.27882111072540283
610 2.539335012435913 -3.0704028606414795 -0.30691248178482056
611 2.520217180252075 -3.017547607421875 -0.3137051463127136
612 2.495476484298706 -2.9564011096954346 -0.31530338525772095
613 2.4026987552642822 -2.76241135597229 -0.3086329698562622
614 2.356590986251831 -2.697185754776001 -0.30379366874694824
615 2.3206045627593994 -2.6264572143554688 -0.2861115336418152
616 2.293614625930786 -2.537302017211914 -0.25819236040115356
617 3.1768736839294434 -5.766064167022705 -0.27283918857574463
618 3.165627956390381 -5.735606670379639 -0.26818597316741943
619 3.1520392894744873 -5.706554889678955 -0.26508384943008423
620 3.10611891746521 -5.638928413391113 -0.2629123628139496
621 3.098309278488159 -5.618919849395752 -0.261361300945282
622 3.0878965854644775 -5.592086315155029 -0.25376108288764954
623 3.061347484588623 -5.546530246734619 -0.24701759219169617
624 3.2179348468780518 -5.855484485626221 -0.36146479845046997
625 3.19028902053833 -5.75192928314209 -0.3447132706642151
626 3.174995183944702 -5.706588268280029 -0.34247973561286926
627 3.1610031127929688 -5.673072338104248 -0.34627673029899597
628 3.1333441734313965 -5.611571788787842 -0.3546524941921234
629 3.114145517349243 -5.549095153808594 -0.36302825808525085
630 3.1027567386627197 -5.478358745574951 -0.3496270477771759
631 3.0929946899414062 -5.437684059143066 -0.33976230025291443
632 3.0816056728363037 -5.4070963859558105 -0.32654717564582825
633 3.0645222663879395 -5.379166126251221 -0.3120291531085968
634 3.044727087020874 -5.3525919914245605 -0.29174116253852844
635 2.9904940128326416 -5.288750171661377 -0.2357165813446045
636 2.9481921195983887 -5.246499061584473 -0.20165511965751648
637 2.9221601486206055 -5.21746301651001 -0.1852758377790451
638 2.8951520919799805 -5.186379432678223 -0.17299138009548187
639 2.8788821697235107 -5.157744407653809 -0.16536013782024384
640 2.8544771671295166 -5.093344211578369 -0.15568147599697113
641 2.8258421421051025 -4.991819858551025 -0.1433970183134079
642 2.7998101711273193 -4.915676593780518 -0.1509910672903061
643 2.7936275005340576 -4.877804756164551 -0.15887565910816193
644 2.7958872318267822 -4.843230724334717 -0.16520918905735016
645 2.7512059211730957 -4.016939163208008 -0.09035789966583252
646 2.7099714279174805 -3.8635146617889404 -0.08989256620407104
647 2.690838098526001 -3.8030481338500977 -0.08828441798686981
648 2.660771131515503 -3.7335426807403564 -0.08642314374446869
649 2.6279709339141846 -3.6792659759521484 -0.08753989636898041
650 2.593999147415161 -3.634751319885254 -0.09089021384716034
651 2.5299606323242188 -3.5488457679748535 -0.11006145179271698
652 2.4788079261779785 -3.4402923583984375 -0.14576242864131927
653 2.4286704063415527 -3.3170571327209473 -0.18017683923244476
654 2.3729100227355957 -3.1727359294891357 -0.20590727031230927
655 2.35135555267334 -3.100106716156006 -0.2174859493970871
656 2.329801082611084 -3.0248453617095947 -0.2271348536014557
657 2.3138694763183594 -2.9466891288757324 -0.23517560958862305
658 2.2984066009521484 -2.864219903945923 -0.2380703091621399
659 2.289503574371338 -2.783220052719116 -0.23517566919326782
660 2.2909092903137207 -2.702169179916382 -0.22745653986930847
661 2.302155017852783 -2.539882183074951 -0.21344780921936035
662 2.311871290206909 -2.368980884552002 -0.21281741559505463
663 2.3293607234954834 -2.117140531539917 -0.21860675513744354
664 2.320589065551758 -2.0307726860046387 -0.2189926952123642
665 2.3030455112457275 -1.952501893043518 -0.2124314159154892
666 2.232196807861328 -1.728485345840454 -0.17630593478679657
667 2.1950855255126953 -1.5820648670196533 -0.16741351783275604
668 2.157299518585205 -1.4336202144622803 -0.1835310310125351
669 2.1114165782928467 -1.2642582654953003 -0.20765326917171478
670 1.9608126878738403 -0.8551986217498779 -0.25100386142730713
671 1.9258337020874023 -0.7619213461875916 -0.24746590852737427
672 1.8879398107528687 -0.675445556640625 -0.22971367835998535
673 1.84883713722229 -0.5872719883918762 -0.19445914030075073
674 1.8069833517074585 -0.4990236163139343 -0.1380518525838852
675 1.6880874633789062 -0.2650904059410095 0.05015181005001068
676 1.6540801525115967 -0.19804738461971283 0.09923325479030609
677 1.6284396648406982 -0.14406749606132507 0.13325558602809906
678 1.6021244525909424 -0.09076234698295593 0.15572033822536469
679 1.5015869140625 0.1312299370765686 0.2158953994512558
680 1.4774084091186523 0.16777881979942322 0.22254405915737152
681 1.4121826887130737 0.22288331389427185 0.22650180757045746
682 1.3655126094818115 0.2481863796710968 0.23177753388881683
683 1.250243067741394 0.2909204661846161 0.26395997405052185
684 1.198512315750122 0.2959810793399811 0.2778463065624237
685 1.1473594903945923 0.2998858690261841 0.29167208075523376
686 1.0993305444717407 0.2916857898235321 0.30292531847953796
687 1.048177719116211 0.27723804116249084 0.32371577620506287
688 1.0095202922821045 0.2686474919319153 0.3275274932384491
689 0.9437323212623596 0.2635868787765503 0.3088502585887909
690 0.8176195025444031 0.27708184719085693 0.19059325754642487
691 1.0513160228729248 0.13375286757946014 -0.4854359030723572
692 1.063834309577942 0.20825541019439697 -0.4632048010826111
693 1.0758416652679443 0.2519993185997009 -0.4496838450431824
694 1.1021555662155151 0.2876740097999573 -0.4295198917388916
695 1.1371556520462036 0.323184996843338 -0.4044467508792877
696 1.1558053493499756 0.34847700595855713 -0.3821112811565399
697 1.1478856801986694 0.3684040307998657 -0.35352185368537903
698 1.1215717792510986 0.37479090690612793 -0.32828274369239807
699 1.0824841260910034 0.37019234895706177 -0.3119778335094452
700 1.0487614870071411 0.35358649492263794 -0.29745975136756897
701 0.9951118230819702 0.3190974295139313 -0.2760176956653595
702 0.9590898752212524 0.30990034341812134 -0.259775310754776
703 0.912848949432373 0.31015580892562866 -0.24237272143363953
704 0.8653306365013123 0.3221631348133087 -0.22729048132896423
705 0.8252211213111877 0.3380025625228882 -0.21298173069953918
706 0.7870146036148071 0.3556530177593231 -0.19679602980613708
707 0.7547093033790588 0.37234005331993103 -0.17175708711147308
708 0.7274755239486694 0.37954333424568176 -0.13502758741378784
709 0.6763805747032166 0.40330249071121216 -0.043760716915130615
710 0.5733731389045715 0.4761434495449066 0.13915985822677612
711 0.5351132154464722 0.4912266731262207 0.20587939023971558
712 0.513403594493866 0.4612986147403717 0.2467549741268158
713 0.4707947075366974 0.40593257546424866 0.2673279941082001
714 0.3887566328048706 0.3452317714691162 0.3026981055736542
715 1.141432285308838 0.2732628285884857 -0.4009944796562195
716 1.1487900018692017 0.21930649876594543 -0.4237421154975891
717 1.1570674180984497 0.1975400298833847 -0.42438894510269165
718 1.1648653745651245 0.17944908142089844 -0.4190080165863037
719 1.1872450113296509 0.12671904265880585 -0.385475218296051
720 1.1858257055282593 0.10791324079036713 -0.3683983087539673
721 1.1798920631408691 0.08869154006242752 -0.35181644558906555
722 1.163685917854309 0.07210668921470642 -0.33476966619491577
723 1.1431059837341309 0.06252637505531311 -0.319400429725647
724 1.1229335069656372 0.05714746564626694 -0.3056011497974396
725 1.0522021055221558 0.044609058648347855 -0.26740550994873047
726 1.0356459617614746 0.04625195637345314 -0.24291875958442688
727 1.014042854309082 0.0480477549135685 -0.19521446526050568
728 0.9529107809066772 0.03962627798318863 -0.09795331954956055
729 0.941879391670227 0.04230532795190811 -0.06970125436782837
730 0.9266546368598938 0.05631710961461067 0.036177150905132294
731 0.8938643932342529 0.04998964071273804 0.14614850282669067
732 0.8898176550865173 0.08015615493059158 0.14970546960830688
733 0.9085797071456909 0.1298205405473709 0.14285773038864136
734 0.9085797071456909 0.1298205405473709 0.14285773038864136
